[9, 341]
step001: 1 下 [1, 1, 1, 1, 1, 1, 1, 1, 0]
step002: 3 下 [1, 1, 1, 1, 1, 1, 0, 1, 0]
step003: 1 上 [1, 1, 1, 1, 1, 1, 0, 1, 1]
step004: 2 下 [1, 1, 1, 1, 1, 1, 0, 0, 1]
step005: 1 下 [1, 1, 1, 1, 1, 1, 0, 0, 0]
step006: 5 下 [1, 1, 1, 1, 0, 1, 0, 0, 0]
step007: 1 上 [1, 1, 1, 1, 0, 1, 0, 0, 1]
step008: 2 上 [1, 1, 1, 1, 0, 1, 0, 1, 1]
step009: 1 下 [1, 1, 1, 1, 0, 1, 0, 1, 0]
step010: 3 上 [1, 1, 1, 1, 0, 1, 1, 1, 0]
step011: 1 上 [1, 1, 1, 1, 0, 1, 1, 1, 1]
step012: 2 下 [1, 1, 1, 1, 0, 1, 1, 0, 1]
step013: 1 下 [1, 1, 1, 1, 0, 1, 1, 0, 0]
step014: 4 下 [1, 1, 1, 1, 0, 0, 1, 0, 0]
step015: 1 上 [1, 1, 1, 1, 0, 0, 1, 0, 1]
step016: 2 上 [1, 1, 1, 1, 0, 0, 1, 1, 1]
step017: 1 下 [1, 1, 1, 1, 0, 0, 1, 1, 0]
step018: 3 下 [1, 1, 1, 1, 0, 0, 0, 1, 0]
step019: 1 上 [1, 1, 1, 1, 0, 0, 0, 1, 1]
step020: 2 下 [1, 1, 1, 1, 0, 0, 0, 0, 1]
step021: 1 下 [1, 1, 1, 1, 0, 0, 0, 0, 0]
step022: 7 下 [1, 1, 0, 1, 0, 0, 0, 0, 0]
step023: 1 上 [1, 1, 0, 1, 0, 0, 0, 0, 1]
step024: 2 上 [1, 1, 0, 1, 0, 0, 0, 1, 1]
step025: 1 下 [1, 1, 0, 1, 0, 0, 0, 1, 0]
step026: 3 上 [1, 1, 0, 1, 0, 0, 1, 1, 0]
step027: 1 上 [1, 1, 0, 1, 0, 0, 1, 1, 1]
step028: 2 下 [1, 1, 0, 1, 0, 0, 1, 0, 1]
step029: 1 下 [1, 1, 0, 1, 0, 0, 1, 0, 0]
step030: 4 上 [1, 1, 0, 1, 0, 1, 1, 0, 0]
step031: 1 上 [1, 1, 0, 1, 0, 1, 1, 0, 1]
step032: 2 上 [1, 1, 0, 1, 0, 1, 1, 1, 1]
step033: 1 下 [1, 1, 0, 1, 0, 1, 1, 1, 0]
step034: 3 下 [1, 1, 0, 1, 0, 1, 0, 1, 0]
step035: 1 上 [1, 1, 0, 1, 0, 1, 0, 1, 1]
step036: 2 下 [1, 1, 0, 1, 0, 1, 0, 0, 1]
step037: 1 下 [1, 1, 0, 1, 0, 1, 0, 0, 0]
step038: 5 上 [1, 1, 0, 1, 1, 1, 0, 0, 0]
step039: 1 上 [1, 1, 0, 1, 1, 1, 0, 0, 1]
step040: 2 上 [1, 1, 0, 1, 1, 1, 0, 1, 1]
step041: 1 下 [1, 1, 0, 1, 1, 1, 0, 1, 0]
step042: 3 上 [1, 1, 0, 1, 1, 1, 1, 1, 0]
step043: 1 上 [1, 1, 0, 1, 1, 1, 1, 1, 1]
step044: 2 下 [1, 1, 0, 1, 1, 1, 1, 0, 1]
step045: 1 下 [1, 1, 0, 1, 1, 1, 1, 0, 0]
step046: 4 下 [1, 1, 0, 1, 1, 0, 1, 0, 0]
step047: 1 上 [1, 1, 0, 1, 1, 0, 1, 0, 1]
step048: 2 上 [1, 1, 0, 1, 1, 0, 1, 1, 1]
step049: 1 下 [1, 1, 0, 1, 1, 0, 1, 1, 0]
step050: 3 下 [1, 1, 0, 1, 1, 0, 0, 1, 0]
step051: 1 上 [1, 1, 0, 1, 1, 0, 0, 1, 1]
step052: 2 下 [1, 1, 0, 1, 1, 0, 0, 0, 1]
step053: 1 下 [1, 1, 0, 1, 1, 0, 0, 0, 0]
step054: 6 下 [1, 1, 0, 0, 1, 0, 0, 0, 0]
step055: 1 上 [1, 1, 0, 0, 1, 0, 0, 0, 1]
step056: 2 上 [1, 1, 0, 0, 1, 0, 0, 1, 1]
step057: 1 下 [1, 1, 0, 0, 1, 0, 0, 1, 0]
step058: 3 上 [1, 1, 0, 0, 1, 0, 1, 1, 0]
step059: 1 上 [1, 1, 0, 0, 1, 0, 1, 1, 1]
step060: 2 下 [1, 1, 0, 0, 1, 0, 1, 0, 1]
step061: 1 下 [1, 1, 0, 0, 1, 0, 1, 0, 0]
step062: 4 上 [1, 1, 0, 0, 1, 1, 1, 0, 0]
step063: 1 上 [1, 1, 0, 0, 1, 1, 1, 0, 1]
step064: 2 上 [1, 1, 0, 0, 1, 1, 1, 1, 1]
step065: 1 下 [1, 1, 0, 0, 1, 1, 1, 1, 0]
step066: 3 下 [1, 1, 0, 0, 1, 1, 0, 1, 0]
step067: 1 上 [1, 1, 0, 0, 1, 1, 0, 1, 1]
step068: 2 下 [1, 1, 0, 0, 1, 1, 0, 0, 1]
step069: 1 下 [1, 1, 0, 0, 1, 1, 0, 0, 0]
step070: 5 下 [1, 1, 0, 0, 0, 1, 0, 0, 0]
step071: 1 上 [1, 1, 0, 0, 0, 1, 0, 0, 1]
step072: 2 上 [1, 1, 0, 0, 0, 1, 0, 1, 1]
step073: 1 下 [1, 1, 0, 0, 0, 1, 0, 1, 0]
step074: 3 上 [1, 1, 0, 0, 0, 1, 1, 1, 0]
step075: 1 上 [1, 1, 0, 0, 0, 1, 1, 1, 1]
step076: 2 下 [1, 1, 0, 0, 0, 1, 1, 0, 1]
step077: 1 下 [1, 1, 0, 0, 0, 1, 1, 0, 0]
step078: 4 下 [1, 1, 0, 0, 0, 0, 1, 0, 0]
step079: 1 上 [1, 1, 0, 0, 0, 0, 1, 0, 1]
step080: 2 上 [1, 1, 0, 0, 0, 0, 1, 1, 1]
step081: 1 下 [1, 1, 0, 0, 0, 0, 1, 1, 0]
step082: 3 下 [1, 1, 0, 0, 0, 0, 0, 1, 0]
step083: 1 上 [1, 1, 0, 0, 0, 0, 0, 1, 1]
step084: 2 下 [1, 1, 0, 0, 0, 0, 0, 0, 1]
step085: 1 下 [1, 1, 0, 0, 0, 0, 0, 0, 0]
step086: 9 下 [0, 1, 0, 0, 0, 0, 0, 0, 0]
step087: 1 上 [0, 1, 0, 0, 0, 0, 0, 0, 1]
step088: 2 上 [0, 1, 0, 0, 0, 0, 0, 1, 1]
step089: 1 下 [0, 1, 0, 0, 0, 0, 0, 1, 0]
step090: 3 上 [0, 1, 0, 0, 0, 0, 1, 1, 0]
step091: 1 上 [0, 1, 0, 0, 0, 0, 1, 1, 1]
step092: 2 下 [0, 1, 0, 0, 0, 0, 1, 0, 1]
step093: 1 下 [0, 1, 0, 0, 0, 0, 1, 0, 0]
step094: 4 上 [0, 1, 0, 0, 0, 1, 1, 0, 0]
step095: 1 上 [0, 1, 0, 0, 0, 1, 1, 0, 1]
step096: 2 上 [0, 1, 0, 0, 0, 1, 1, 1, 1]
step097: 1 下 [0, 1, 0, 0, 0, 1, 1, 1, 0]
step098: 3 下 [0, 1, 0, 0, 0, 1, 0, 1, 0]
step099: 1 上 [0, 1, 0, 0, 0, 1, 0, 1, 1]
step100: 2 下 [0, 1, 0, 0, 0, 1, 0, 0, 1]
step101: 1 下 [0, 1, 0, 0, 0, 1, 0, 0, 0]
step102: 5 上 [0, 1, 0, 0, 1, 1, 0, 0, 0]
step103: 1 上 [0, 1, 0, 0, 1, 1, 0, 0, 1]
step104: 2 上 [0, 1, 0, 0, 1, 1, 0, 1, 1]
step105: 1 下 [0, 1, 0, 0, 1, 1, 0, 1, 0]
step106: 3 上 [0, 1, 0, 0, 1, 1, 1, 1, 0]
step107: 1 上 [0, 1, 0, 0, 1, 1, 1, 1, 1]
step108: 2 下 [0, 1, 0, 0, 1, 1, 1, 0, 1]
step109: 1 下 [0, 1, 0, 0, 1, 1, 1, 0, 0]
step110: 4 下 [0, 1, 0, 0, 1, 0, 1, 0, 0]
step111: 1 上 [0, 1, 0, 0, 1, 0, 1, 0, 1]
step112: 2 上 [0, 1, 0, 0, 1, 0, 1, 1, 1]
step113: 1 下 [0, 1, 0, 0, 1, 0, 1, 1, 0]
step114: 3 下 [0, 1, 0, 0, 1, 0, 0, 1, 0]
step115: 1 上 [0, 1, 0, 0, 1, 0, 0, 1, 1]
step116: 2 下 [0, 1, 0, 0, 1, 0, 0, 0, 1]
step117: 1 下 [0, 1, 0, 0, 1, 0, 0, 0, 0]
step118: 6 上 [0, 1, 0, 1, 1, 0, 0, 0, 0]
step119: 1 上 [0, 1, 0, 1, 1, 0, 0, 0, 1]
step120: 2 上 [0, 1, 0, 1, 1, 0, 0, 1, 1]
step121: 1 下 [0, 1, 0, 1, 1, 0, 0, 1, 0]
step122: 3 上 [0, 1, 0, 1, 1, 0, 1, 1, 0]
step123: 1 上 [0, 1, 0, 1, 1, 0, 1, 1, 1]
step124: 2 下 [0, 1, 0, 1, 1, 0, 1, 0, 1]
step125: 1 下 [0, 1, 0, 1, 1, 0, 1, 0, 0]
step126: 4 上 [0, 1, 0, 1, 1, 1, 1, 0, 0]
step127: 1 上 [0, 1, 0, 1, 1, 1, 1, 0, 1]
step128: 2 上 [0, 1, 0, 1, 1, 1, 1, 1, 1]
step129: 1 下 [0, 1, 0, 1, 1, 1, 1, 1, 0]
step130: 3 下 [0, 1, 0, 1, 1, 1, 0, 1, 0]
step131: 1 上 [0, 1, 0, 1, 1, 1, 0, 1, 1]
step132: 2 下 [0, 1, 0, 1, 1, 1, 0, 0, 1]
step133: 1 下 [0, 1, 0, 1, 1, 1, 0, 0, 0]
step134: 5 下 [0, 1, 0, 1, 0, 1, 0, 0, 0]
step135: 1 上 [0, 1, 0, 1, 0, 1, 0, 0, 1]
step136: 2 上 [0, 1, 0, 1, 0, 1, 0, 1, 1]
step137: 1 下 [0, 1, 0, 1, 0, 1, 0, 1, 0]
step138: 3 上 [0, 1, 0, 1, 0, 1, 1, 1, 0]
step139: 1 上 [0, 1, 0, 1, 0, 1, 1, 1, 1]
step140: 2 下 [0, 1, 0, 1, 0, 1, 1, 0, 1]
step141: 1 下 [0, 1, 0, 1, 0, 1, 1, 0, 0]
step142: 4 下 [0, 1, 0, 1, 0, 0, 1, 0, 0]
step143: 1 上 [0, 1, 0, 1, 0, 0, 1, 0, 1]
step144: 2 上 [0, 1, 0, 1, 0, 0, 1, 1, 1]
step145: 1 下 [0, 1, 0, 1, 0, 0, 1, 1, 0]
step146: 3 下 [0, 1, 0, 1, 0, 0, 0, 1, 0]
step147: 1 上 [0, 1, 0, 1, 0, 0, 0, 1, 1]
step148: 2 下 [0, 1, 0, 1, 0, 0, 0, 0, 1]
step149: 1 下 [0, 1, 0, 1, 0, 0, 0, 0, 0]
step150: 7 上 [0, 1, 1, 1, 0, 0, 0, 0, 0]
step151: 1 上 [0, 1, 1, 1, 0, 0, 0, 0, 1]
step152: 2 上 [0, 1, 1, 1, 0, 0, 0, 1, 1]
step153: 1 下 [0, 1, 1, 1, 0, 0, 0, 1, 0]
step154: 3 上 [0, 1, 1, 1, 0, 0, 1, 1, 0]
step155: 1 上 [0, 1, 1, 1, 0, 0, 1, 1, 1]
step156: 2 下 [0, 1, 1, 1, 0, 0, 1, 0, 1]
step157: 1 下 [0, 1, 1, 1, 0, 0, 1, 0, 0]
step158: 4 上 [0, 1, 1, 1, 0, 1, 1, 0, 0]
step159: 1 上 [0, 1, 1, 1, 0, 1, 1, 0, 1]
step160: 2 上 [0, 1, 1, 1, 0, 1, 1, 1, 1]
step161: 1 下 [0, 1, 1, 1, 0, 1, 1, 1, 0]
step162: 3 下 [0, 1, 1, 1, 0, 1, 0, 1, 0]
step163: 1 上 [0, 1, 1, 1, 0, 1, 0, 1, 1]
step164: 2 下 [0, 1, 1, 1, 0, 1, 0, 0, 1]
step165: 1 下 [0, 1, 1, 1, 0, 1, 0, 0, 0]
step166: 5 上 [0, 1, 1, 1, 1, 1, 0, 0, 0]
step167: 1 上 [0, 1, 1, 1, 1, 1, 0, 0, 1]
step168: 2 上 [0, 1, 1, 1, 1, 1, 0, 1, 1]
step169: 1 下 [0, 1, 1, 1, 1, 1, 0, 1, 0]
step170: 3 上 [0, 1, 1, 1, 1, 1, 1, 1, 0]
step171: 1 上 [0, 1, 1, 1, 1, 1, 1, 1, 1]
step172: 2 下 [0, 1, 1, 1, 1, 1, 1, 0, 1]
step173: 1 下 [0, 1, 1, 1, 1, 1, 1, 0, 0]
step174: 4 下 [0, 1, 1, 1, 1, 0, 1, 0, 0]
step175: 1 上 [0, 1, 1, 1, 1, 0, 1, 0, 1]
step176: 2 上 [0, 1, 1, 1, 1, 0, 1, 1, 1]
step177: 1 下 [0, 1, 1, 1, 1, 0, 1, 1, 0]
step178: 3 下 [0, 1, 1, 1, 1, 0, 0, 1, 0]
step179: 1 上 [0, 1, 1, 1, 1, 0, 0, 1, 1]
step180: 2 下 [0, 1, 1, 1, 1, 0, 0, 0, 1]
step181: 1 下 [0, 1, 1, 1, 1, 0, 0, 0, 0]
step182: 6 下 [0, 1, 1, 0, 1, 0, 0, 0, 0]
step183: 1 上 [0, 1, 1, 0, 1, 0, 0, 0, 1]
step184: 2 上 [0, 1, 1, 0, 1, 0, 0, 1, 1]
step185: 1 下 [0, 1, 1, 0, 1, 0, 0, 1, 0]
step186: 3 上 [0, 1, 1, 0, 1, 0, 1, 1, 0]
step187: 1 上 [0, 1, 1, 0, 1, 0, 1, 1, 1]
step188: 2 下 [0, 1, 1, 0, 1, 0, 1, 0, 1]
step189: 1 下 [0, 1, 1, 0, 1, 0, 1, 0, 0]
step190: 4 上 [0, 1, 1, 0, 1, 1, 1, 0, 0]
step191: 1 上 [0, 1, 1, 0, 1, 1, 1, 0, 1]
step192: 2 上 [0, 1, 1, 0, 1, 1, 1, 1, 1]
step193: 1 下 [0, 1, 1, 0, 1, 1, 1, 1, 0]
step194: 3 下 [0, 1, 1, 0, 1, 1, 0, 1, 0]
step195: 1 上 [0, 1, 1, 0, 1, 1, 0, 1, 1]
step196: 2 下 [0, 1, 1, 0, 1, 1, 0, 0, 1]
step197: 1 下 [0, 1, 1, 0, 1, 1, 0, 0, 0]
step198: 5 下 [0, 1, 1, 0, 0, 1, 0, 0, 0]
step199: 1 上 [0, 1, 1, 0, 0, 1, 0, 0, 1]
step200: 2 上 [0, 1, 1, 0, 0, 1, 0, 1, 1]
step201: 1 下 [0, 1, 1, 0, 0, 1, 0, 1, 0]
step202: 3 上 [0, 1, 1, 0, 0, 1, 1, 1, 0]
step203: 1 上 [0, 1, 1, 0, 0, 1, 1, 1, 1]
step204: 2 下 [0, 1, 1, 0, 0, 1, 1, 0, 1]
step205: 1 下 [0, 1, 1, 0, 0, 1, 1, 0, 0]
step206: 4 下 [0, 1, 1, 0, 0, 0, 1, 0, 0]
step207: 1 上 [0, 1, 1, 0, 0, 0, 1, 0, 1]
step208: 2 上 [0, 1, 1, 0, 0, 0, 1, 1, 1]
step209: 1 下 [0, 1, 1, 0, 0, 0, 1, 1, 0]
step210: 3 下 [0, 1, 1, 0, 0, 0, 0, 1, 0]
step211: 1 上 [0, 1, 1, 0, 0, 0, 0, 1, 1]
step212: 2 下 [0, 1, 1, 0, 0, 0, 0, 0, 1]
step213: 1 下 [0, 1, 1, 0, 0, 0, 0, 0, 0]
step214: 8 下 [0, 0, 1, 0, 0, 0, 0, 0, 0]
step215: 1 上 [0, 0, 1, 0, 0, 0, 0, 0, 1]
step216: 2 上 [0, 0, 1, 0, 0, 0, 0, 1, 1]
step217: 1 下 [0, 0, 1, 0, 0, 0, 0, 1, 0]
step218: 3 上 [0, 0, 1, 0, 0, 0, 1, 1, 0]
step219: 1 上 [0, 0, 1, 0, 0, 0, 1, 1, 1]
step220: 2 下 [0, 0, 1, 0, 0, 0, 1, 0, 1]
step221: 1 下 [0, 0, 1, 0, 0, 0, 1, 0, 0]
step222: 4 上 [0, 0, 1, 0, 0, 1, 1, 0, 0]
step223: 1 上 [0, 0, 1, 0, 0, 1, 1, 0, 1]
step224: 2 上 [0, 0, 1, 0, 0, 1, 1, 1, 1]
step225: 1 下 [0, 0, 1, 0, 0, 1, 1, 1, 0]
step226: 3 下 [0, 0, 1, 0, 0, 1, 0, 1, 0]
step227: 1 上 [0, 0, 1, 0, 0, 1, 0, 1, 1]
step228: 2 下 [0, 0, 1, 0, 0, 1, 0, 0, 1]
step229: 1 下 [0, 0, 1, 0, 0, 1, 0, 0, 0]
step230: 5 上 [0, 0, 1, 0, 1, 1, 0, 0, 0]
step231: 1 上 [0, 0, 1, 0, 1, 1, 0, 0, 1]
step232: 2 上 [0, 0, 1, 0, 1, 1, 0, 1, 1]
step233: 1 下 [0, 0, 1, 0, 1, 1, 0, 1, 0]
step234: 3 上 [0, 0, 1, 0, 1, 1, 1, 1, 0]
step235: 1 上 [0, 0, 1, 0, 1, 1, 1, 1, 1]
step236: 2 下 [0, 0, 1, 0, 1, 1, 1, 0, 1]
step237: 1 下 [0, 0, 1, 0, 1, 1, 1, 0, 0]
step238: 4 下 [0, 0, 1, 0, 1, 0, 1, 0, 0]
step239: 1 上 [0, 0, 1, 0, 1, 0, 1, 0, 1]
step240: 2 上 [0, 0, 1, 0, 1, 0, 1, 1, 1]
step241: 1 下 [0, 0, 1, 0, 1, 0, 1, 1, 0]
step242: 3 下 [0, 0, 1, 0, 1, 0, 0, 1, 0]
step243: 1 上 [0, 0, 1, 0, 1, 0, 0, 1, 1]
step244: 2 下 [0, 0, 1, 0, 1, 0, 0, 0, 1]
step245: 1 下 [0, 0, 1, 0, 1, 0, 0, 0, 0]
step246: 6 上 [0, 0, 1, 1, 1, 0, 0, 0, 0]
step247: 1 上 [0, 0, 1, 1, 1, 0, 0, 0, 1]
step248: 2 上 [0, 0, 1, 1, 1, 0, 0, 1, 1]
step249: 1 下 [0, 0, 1, 1, 1, 0, 0, 1, 0]
step250: 3 上 [0, 0, 1, 1, 1, 0, 1, 1, 0]
step251: 1 上 [0, 0, 1, 1, 1, 0, 1, 1, 1]
step252: 2 下 [0, 0, 1, 1, 1, 0, 1, 0, 1]
step253: 1 下 [0, 0, 1, 1, 1, 0, 1, 0, 0]
step254: 4 上 [0, 0, 1, 1, 1, 1, 1, 0, 0]
step255: 1 上 [0, 0, 1, 1, 1, 1, 1, 0, 1]
step256: 2 上 [0, 0, 1, 1, 1, 1, 1, 1, 1]
step257: 1 下 [0, 0, 1, 1, 1, 1, 1, 1, 0]
step258: 3 下 [0, 0, 1, 1, 1, 1, 0, 1, 0]
step259: 1 上 [0, 0, 1, 1, 1, 1, 0, 1, 1]
step260: 2 下 [0, 0, 1, 1, 1, 1, 0, 0, 1]
step261: 1 下 [0, 0, 1, 1, 1, 1, 0, 0, 0]
step262: 5 下 [0, 0, 1, 1, 0, 1, 0, 0, 0]
step263: 1 上 [0, 0, 1, 1, 0, 1, 0, 0, 1]
step264: 2 上 [0, 0, 1, 1, 0, 1, 0, 1, 1]
step265: 1 下 [0, 0, 1, 1, 0, 1, 0, 1, 0]
step266: 3 上 [0, 0, 1, 1, 0, 1, 1, 1, 0]
step267: 1 上 [0, 0, 1, 1, 0, 1, 1, 1, 1]
step268: 2 下 [0, 0, 1, 1, 0, 1, 1, 0, 1]
step269: 1 下 [0, 0, 1, 1, 0, 1, 1, 0, 0]
step270: 4 下 [0, 0, 1, 1, 0, 0, 1, 0, 0]
step271: 1 上 [0, 0, 1, 1, 0, 0, 1, 0, 1]
step272: 2 上 [0, 0, 1, 1, 0, 0, 1, 1, 1]
step273: 1 下 [0, 0, 1, 1, 0, 0, 1, 1, 0]
step274: 3 下 [0, 0, 1, 1, 0, 0, 0, 1, 0]
step275: 1 上 [0, 0, 1, 1, 0, 0, 0, 1, 1]
step276: 2 下 [0, 0, 1, 1, 0, 0, 0, 0, 1]
step277: 1 下 [0, 0, 1, 1, 0, 0, 0, 0, 0]
step278: 7 下 [0, 0, 0, 1, 0, 0, 0, 0, 0]
step279: 1 上 [0, 0, 0, 1, 0, 0, 0, 0, 1]
step280: 2 上 [0, 0, 0, 1, 0, 0, 0, 1, 1]
step281: 1 下 [0, 0, 0, 1, 0, 0, 0, 1, 0]
step282: 3 上 [0, 0, 0, 1, 0, 0, 1, 1, 0]
step283: 1 上 [0, 0, 0, 1, 0, 0, 1, 1, 1]
step284: 2 下 [0, 0, 0, 1, 0, 0, 1, 0, 1]
step285: 1 下 [0, 0, 0, 1, 0, 0, 1, 0, 0]
step286: 4 上 [0, 0, 0, 1, 0, 1, 1, 0, 0]
step287: 1 上 [0, 0, 0, 1, 0, 1, 1, 0, 1]
step288: 2 上 [0, 0, 0, 1, 0, 1, 1, 1, 1]
step289: 1 下 [0, 0, 0, 1, 0, 1, 1, 1, 0]
step290: 3 下 [0, 0, 0, 1, 0, 1, 0, 1, 0]
step291: 1 上 [0, 0, 0, 1, 0, 1, 0, 1, 1]
step292: 2 下 [0, 0, 0, 1, 0, 1, 0, 0, 1]
step293: 1 下 [0, 0, 0, 1, 0, 1, 0, 0, 0]
step294: 5 上 [0, 0, 0, 1, 1, 1, 0, 0, 0]
step295: 1 上 [0, 0, 0, 1, 1, 1, 0, 0, 1]
step296: 2 上 [0, 0, 0, 1, 1, 1, 0, 1, 1]
step297: 1 下 [0, 0, 0, 1, 1, 1, 0, 1, 0]
step298: 3 上 [0, 0, 0, 1, 1, 1, 1, 1, 0]
step299: 1 上 [0, 0, 0, 1, 1, 1, 1, 1, 1]
step300: 2 下 [0, 0, 0, 1, 1, 1, 1, 0, 1]
step301: 1 下 [0, 0, 0, 1, 1, 1, 1, 0, 0]
step302: 4 下 [0, 0, 0, 1, 1, 0, 1, 0, 0]
step303: 1 上 [0, 0, 0, 1, 1, 0, 1, 0, 1]
step304: 2 上 [0, 0, 0, 1, 1, 0, 1, 1, 1]
step305: 1 下 [0, 0, 0, 1, 1, 0, 1, 1, 0]
step306: 3 下 [0, 0, 0, 1, 1, 0, 0, 1, 0]
step307: 1 上 [0, 0, 0, 1, 1, 0, 0, 1, 1]
step308: 2 下 [0, 0, 0, 1, 1, 0, 0, 0, 1]
step309: 1 下 [0, 0, 0, 1, 1, 0, 0, 0, 0]
step310: 6 下 [0, 0, 0, 0, 1, 0, 0, 0, 0]
step311: 1 上 [0, 0, 0, 0, 1, 0, 0, 0, 1]
step312: 2 上 [0, 0, 0, 0, 1, 0, 0, 1, 1]
step313: 1 下 [0, 0, 0, 0, 1, 0, 0, 1, 0]
step314: 3 上 [0, 0, 0, 0, 1, 0, 1, 1, 0]
step315: 1 上 [0, 0, 0, 0, 1, 0, 1, 1, 1]
step316: 2 下 [0, 0, 0, 0, 1, 0, 1, 0, 1]
step317: 1 下 [0, 0, 0, 0, 1, 0, 1, 0, 0]
step318: 4 上 [0, 0, 0, 0, 1, 1, 1, 0, 0]
step319: 1 上 [0, 0, 0, 0, 1, 1, 1, 0, 1]
step320: 2 上 [0, 0, 0, 0, 1, 1, 1, 1, 1]
step321: 1 下 [0, 0, 0, 0, 1, 1, 1, 1, 0]
step322: 3 下 [0, 0, 0, 0, 1, 1, 0, 1, 0]
step323: 1 上 [0, 0, 0, 0, 1, 1, 0, 1, 1]
step324: 2 下 [0, 0, 0, 0, 1, 1, 0, 0, 1]
step325: 1 下 [0, 0, 0, 0, 1, 1, 0, 0, 0]
step326: 5 下 [0, 0, 0, 0, 0, 1, 0, 0, 0]
step327: 1 上 [0, 0, 0, 0, 0, 1, 0, 0, 1]
step328: 2 上 [0, 0, 0, 0, 0, 1, 0, 1, 1]
step329: 1 下 [0, 0, 0, 0, 0, 1, 0, 1, 0]
step330: 3 上 [0, 0, 0, 0, 0, 1, 1, 1, 0]
step331: 1 上 [0, 0, 0, 0, 0, 1, 1, 1, 1]
step332: 2 下 [0, 0, 0, 0, 0, 1, 1, 0, 1]
step333: 1 下 [0, 0, 0, 0, 0, 1, 1, 0, 0]
step334: 4 下 [0, 0, 0, 0, 0, 0, 1, 0, 0]
step335: 1 上 [0, 0, 0, 0, 0, 0, 1, 0, 1]
step336: 2 上 [0, 0, 0, 0, 0, 0, 1, 1, 1]
step337: 1 下 [0, 0, 0, 0, 0, 0, 1, 1, 0]
step338: 3 下 [0, 0, 0, 0, 0, 0, 0, 1, 0]
step339: 1 上 [0, 0, 0, 0, 0, 0, 0, 1, 1]
step340: 2 下 [0, 0, 0, 0, 0, 0, 0, 0, 1]
step341: 1 下 [0, 0, 0, 0, 0, 0, 0, 0, 0]
